6 7 1
1 2 3 4 5 6
--------
1
--------
10 1 0
0 0 0 0 0 0 0 0 0 0
--------
252
--------
100 1000000000 100
999999999 999999999 999999999 999999999 999999999 999999999 999999999 999999999 999999999 999999999 999999999 999999999 999999999 999999999 999999999 999999999 999999999 999999999 999999999 999999999 999999999 999999999 999999999 999999999 999999999 999999999 999999999 999999999 999999999 999999999 999999999 999999999 999999999 999999999 999999999 999999999 999999999 999999999 999999999 999999999 999999999 999999999 999999999 999999999 999999999 999999999 999999999 999999999 999999999 999999999 999999999 999999999 999999999 999999999 999999999 999999999 999999999 999999999 999999999 999999999 999999999 999999999 999999999 999999999 999999999 999999999 999999999 999999999 999999999 999999999 999999999 999999999 999999999 999999999 999999999 999999999 999999999 999999999 999999999 999999999 999999999 999999999 999999999 999999999 999999999 999999999 999999999 999999999 999999999 999999999 999999999 999999999 999999999 999999999 999999999 999999999 999999999 999999999 999999999 999999999
--------
TEST_FOR_TIMEOUT
--------
